{
  "advancedEditorSelectedIdentifier" : "BehaviorsPluginID",
  "openSceneRelativePaths" : [
    "DrumScene.usda",
    "RealityComposerPro\/Box.usda",
    "RealDrum.usda",
    "HeartScene.usda",
    "DrumStick.usda",
    "DrumStickLeft.usda",
    "CircleAnimation.usda",
    "IntactDrumScene.usda",
    "IP1.usda",
    "IP2.usda"
  ],
  "recentIdentifiers" : {
    "2173847A-CE7F-4A1C-87CB-F9F4328A7602" : [

    ],
    "424B522F-C9A5-4670-BA77-A2B444BA5E73" : [

    ],
    "7D9B9220-DB98-4BC3-AACA-73EB182E3BE8" : [

    ],
    "9C6AA81C-9651-425E-8022-9DBA49F8A17A" : [

    ],
    "BE0CB09E-FFAF-4589-B22B-F81D80495366" : [

    ],
    "F089562F-D092-42F2-9513-57653D4CEEB7" : [

    ],
    "F396B5BC-F12D-49D4-92E8-12C243E9E949" : [

    ]
  },
  "sceneCameraHistory" : {
    "021A110C-0B05-4BDF-B183-9E7F64FC8B72" : [
      {
        "date" : 770718989.129768,
        "title" : "Untitled",
        "transform" : [
          1,
          0,
          0,
          0,
          0,
          0.7071069,
          -0.70710677,
          0,
          0,
          0.70710677,
          0.7071069,
          0,
          -0.07977557,
          1.399193,
          2.2583876,
          1
        ]
      }
    ],
    "2173847A-CE7F-4A1C-87CB-F9F4328A7602" : [
      {
        "date" : 775110438.582189,
        "title" : "Untitled",
        "transform" : [
          0.79020286,
          -4.1499746e-08,
          -0.6128453,
          0,
          -0.35371852,
          0.8166209,
          -0.45608515,
          0,
          0.50046223,
          0.5771745,
          0.6452962,
          0,
          0.27921957,
          0.3865332,
          0.3467768,
          1
        ]
      },
      {
        "date" : 772015989.262746,
        "title" : "Untitled",
        "transform" : [
          0.79020286,
          -4.1499746e-08,
          -0.6128453,
          0,
          -0.35371852,
          0.8166209,
          -0.45608515,
          0,
          0.50046223,
          0.5771745,
          0.6452962,
          0,
          0.39452773,
          0.5461582,
          0.4899838,
          1
        ]
      },
      {
        "date" : 772014471.457673,
        "title" : "Untitled",
        "transform" : [
          0.8961872,
          -4.2593513e-08,
          -0.4436761,
          0,
          -0.14901349,
          0.94191134,
          -0.3009948,
          0,
          0.41790357,
          0.33586144,
          0.8441289,
          0,
          0.33386436,
          0.35976762,
          0.6485187,
          1
        ]
      },
      {
        "date" : 772014447.018555,
        "title" : "Untitled",
        "transform" : [
          0.8276541,
          -3.153803e-08,
          -0.56123847,
          0,
          -0.48941964,
          0.48944306,
          -0.72174376,
          0,
          0.27469426,
          0.8720354,
          0.4050896,
          0,
          0.21762162,
          0.77187705,
          0.3004832,
          1
        ]
      },
      {
        "date" : 772014444.6401,
        "title" : "Untitled",
        "transform" : [
          0.12553859,
          -4.862147e-09,
          -0.99208874,
          0,
          0.026722088,
          0.99963725,
          0.003381236,
          0,
          0.99172884,
          -0.026935112,
          0.12549306,
          0,
          0.7737754,
          0.078018054,
          0.08634911,
          1
        ]
      },
      {
        "date" : 772014439.624248,
        "title" : "Untitled",
        "transform" : [
          0.20753187,
          -4.4840505e-09,
          -0.9782283,
          0,
          0.105357185,
          0.9941833,
          0.022351436,
          0,
          0.9725381,
          -0.10770196,
          0.20632471,
          0,
          0.76760364,
          0.014794368,
          0.15111966,
          1
        ]
      },
      {
        "date" : 772014428.123248,
        "title" : "Untitled",
        "transform" : [
          0.98992616,
          -3.925237e-09,
          -0.14158475,
          0,
          -0.09048901,
          0.7691102,
          -0.6326779,
          0,
          0.10889435,
          0.6391163,
          0.7613622,
          0,
          0.08691642,
          0.57213473,
          0.52666765,
          1
        ]
      },
      {
        "date" : 772014325.207071,
        "title" : "Untitled",
        "transform" : [
          0.90586203,
          -2.2344864e-09,
          -0.4235729,
          0,
          -0.17961967,
          0.90563476,
          -0.38413873,
          0,
          0.38360238,
          0.42405874,
          0.82038003,
          0,
          0.29033542,
          0.41873667,
          0.5938319,
          1
        ]
      },
      {
        "date" : 772014320.794185,
        "title" : "Untitled",
        "transform" : [
          0.99623907,
          2.6031099e-08,
          0.086646184,
          0,
          0.08504031,
          0.19164117,
          -0.97777396,
          0,
          -0.016604908,
          0.9814652,
          0.19092038,
          0,
          0.0069577475,
          0.78068954,
          0.05241011,
          1
        ]
      },
      {
        "date" : 772014298.789978,
        "title" : "Untitled",
        "transform" : [
          0.46511185,
          1.9270486e-08,
          -0.8852522,
          0,
          -0.0075964206,
          0.99996334,
          -0.0039912555,
          0,
          0.8852195,
          0.008581196,
          0.4650946,
          0,
          0.6916121,
          0.10561495,
          0.35041344,
          1
        ]
      }
    ],
    "3CFE3004-2BA8-4A88-9806-63CCB6BF4026" : [
      {
        "date" : 769855827.492546,
        "title" : "Untitled",
        "transform" : [
          0.9841607,
          0.0036116631,
          -0.17724155,
          0,
          -0.15046781,
          0.54567677,
          -0.8243764,
          0,
          0.09373918,
          0.837988,
          0.537577,
          0,
          0.11569374,
          2.2432165,
          1.2236623,
          1
        ]
      },
      {
        "date" : 769855443.962578,
        "title" : "Untitled",
        "transform" : [
          0.98329914,
          0.0036116568,
          -0.18196066,
          0,
          -0.07626478,
          0.9159634,
          -0.39394772,
          0,
          0.16524647,
          0.40124568,
          0.9009415,
          0,
          0.31269312,
          1.2034836,
          2.235309,
          1
        ]
      },
      {
        "date" : 769855433.020964,
        "title" : "Untitled",
        "transform" : [
          0.91004276,
          0.0036116575,
          -0.41449836,
          0,
          -0.21549238,
          0.8583366,
          -0.46564072,
          0,
          0.35409737,
          0.51307416,
          0.7819015,
          0,
          0.77336925,
          1.477068,
          1.9398263,
          1
        ]
      },
      {
        "date" : 769786206.760852,
        "title" : "Untitled",
        "transform" : [
          0.98837703,
          0.0036116594,
          -0.15197957,
          0,
          -0.087969825,
          0.828924,
          -0.5524005,
          0,
          0.123984404,
          0.55934954,
          0.8196072,
          0,
          0.20474043,
          1.5891774,
          1.9938285,
          1
        ]
      },
      {
        "date" : 769786204.005297,
        "title" : "Untitled",
        "transform" : [
          0.9886606,
          0.0036116594,
          -0.15012428,
          0,
          -0.086932905,
          0.8289239,
          -0.5525646,
          0,
          0.122445926,
          0.55934954,
          0.81983846,
          0,
          0.80404353,
          1.8764186,
          2.6496012,
          1
        ]
      },
      {
        "date" : 769742936.350783,
        "title" : "Untitled",
        "transform" : [
          0.8351575,
          2.512331e-08,
          -0.55001086,
          0,
          -0.33635804,
          0.7912074,
          -0.51073885,
          0,
          0.4351729,
          0.61154807,
          0.6607826,
          0,
          0.7442285,
          1.3865291,
          1.1135222,
          1
        ]
      },
      {
        "date" : 769742916.578862,
        "title" : "Untitled",
        "transform" : [
          0.78055316,
          2.264423e-08,
          -0.62508947,
          0,
          -0.31457263,
          0.8641443,
          -0.3928088,
          0,
          0.5401675,
          0.50324416,
          0.67451054,
          0,
          3.1612654,
          3.4962652,
          3.9921572,
          1
        ]
      },
      {
        "date" : 769742907.141642,
        "title" : "Untitled",
        "transform" : [
          0.78055316,
          -1.5015051e-09,
          -0.62508947,
          0,
          -0.34804112,
          0.8306559,
          -0.43460113,
          0,
          0.51923424,
          0.55678624,
          0.6483711,
          0,
          0.8997196,
          1.381432,
          1.0959483,
          1
        ]
      },
      {
        "date" : 769742767.954731,
        "title" : "Untitled",
        "transform" : [
          0.83194596,
          -1.7165114e-09,
          -0.5548567,
          0,
          -0.33094245,
          0.80265266,
          -0.4962114,
          0,
          0.44535717,
          0.5964469,
          0.66776365,
          0,
          0.7628947,
          1.4486209,
          1.112853,
          1
        ]
      },
      {
        "date" : 769742764.087804,
        "title" : "Untitled",
        "transform" : [
          0.83194596,
          -1.7165114e-09,
          -0.5548567,
          0,
          -0.33094245,
          0.80265266,
          -0.4962114,
          0,
          0.44535717,
          0.5964469,
          0.66776365,
          0,
          1.0880889,
          2.0300527,
          1.984379,
          1
        ]
      }
    ],
    "424B522F-C9A5-4670-BA77-A2B444BA5E73" : [
      {
        "date" : 771315352.469617,
        "title" : "Untitled",
        "transform" : [
          0.82821494,
          3.127057e-08,
          0.5604105,
          0,
          0.05132393,
          0.9957975,
          -0.07585029,
          0,
          -0.5580556,
          0.091582604,
          0.8247344,
          0,
          -1.1133813,
          0.6811882,
          1.0976173,
          1
        ]
      },
      {
        "date" : 771315135.263743,
        "title" : "Untitled",
        "transform" : [
          0.6880553,
          2.4258824e-08,
          0.72565824,
          0,
          -0.17533205,
          0.97037154,
          0.16624643,
          0,
          -0.7041581,
          -0.24161805,
          0.6676691,
          0,
          -1.424427,
          0.1380696,
          0.92754674,
          1
        ]
      },
      {
        "date" : 771315129.401559,
        "title" : "Untitled",
        "transform" : [
          0.7520463,
          2.557055e-08,
          0.65911025,
          0,
          0.3815867,
          0.81536865,
          -0.43539137,
          0,
          -0.537418,
          0.578942,
          0.61319494,
          0,
          -0.92956054,
          1.3933904,
          0.5948472,
          1
        ]
      },
      {
        "date" : 771314977.210748,
        "title" : "Untitled",
        "transform" : [
          0.56678617,
          2.6443931e-08,
          0.8238649,
          0,
          0.09516403,
          0.99330646,
          -0.06546911,
          0,
          -0.81835026,
          0.115509115,
          0.5629922,
          0,
          -1.6272002,
          0.7489787,
          0.7468115,
          1
        ]
      },
      {
        "date" : 771314973.625223,
        "title" : "Untitled",
        "transform" : [
          0.6961163,
          2.9813155e-08,
          0.717929,
          0,
          0.12786044,
          0.984013,
          -0.12397574,
          0,
          -0.7064516,
          0.1780961,
          0.6849875,
          0,
          -1.4480469,
          0.8592298,
          0.9764282,
          1
        ]
      },
      {
        "date" : 771314959.193997,
        "title" : "Untitled",
        "transform" : [
          0.6105934,
          1.1274324e-08,
          0.79194427,
          0,
          -0.2112631,
          0.96376157,
          0.162885,
          0,
          -0.7632455,
          -0.26676527,
          0.58846635,
          0,
          -1.6750721,
          0.037525047,
          0.9038323,
          1
        ]
      },
      {
        "date" : 771314953.758374,
        "title" : "Untitled",
        "transform" : [
          0.7590157,
          9.555498e-09,
          0.6510725,
          0,
          0.13649115,
          0.9777785,
          -0.15912043,
          0,
          -0.6366047,
          0.20964038,
          0.7421491,
          0,
          -1.3058028,
          0.9027555,
          1.0507611,
          1
        ]
      },
      {
        "date" : 771314890.906027,
        "title" : "Untitled",
        "transform" : [
          0.5380731,
          1.6778682e-08,
          0.8428982,
          0,
          -0.0921336,
          0.99400824,
          0.058814444,
          0,
          -0.83784765,
          -0.109305836,
          0.534849,
          0,
          -1.7231141,
          0.33725846,
          0.7357454,
          1
        ]
      },
      {
        "date" : 771314882.816648,
        "title" : "Untitled",
        "transform" : [
          0.91605633,
          1.7339469e-08,
          0.40104964,
          0,
          0.082667634,
          0.978525,
          -0.18882509,
          0,
          -0.39243713,
          0.20612812,
          0.89638406,
          0,
          -0.9433437,
          0.8968331,
          1.3892369,
          1
        ]
      },
      {
        "date" : 771314875.619054,
        "title" : "Untitled",
        "transform" : [
          0.8800578,
          1.3221799e-08,
          0.47486657,
          0,
          0.1804588,
          0.92497826,
          -0.33443964,
          0,
          -0.4392413,
          0.38001996,
          0.8140344,
          0,
          -0.9640162,
          1.1811314,
          1.1400824,
          1
        ]
      }
    ],
    "6ACC1CA7-07B5-428F-A6FF-BA3E0A36C402" : [
      {
        "date" : 775110419.071011,
        "title" : "Untitled",
        "transform" : [
          -0.54228544,
          4.0069942e-08,
          -0.84019434,
          0,
          -0.28556725,
          0.9404678,
          0.18431357,
          0,
          0.7901757,
          0.33988273,
          -0.51000196,
          0,
          0.13327451,
          0.100819774,
          -0.32749572,
          1
        ]
      },
      {
        "date" : 775110413.6534,
        "title" : "Untitled",
        "transform" : [
          -0.50114924,
          5.285531e-08,
          -0.86536086,
          0,
          -0.7286468,
          0.53945386,
          0.42197546,
          0,
          0.4668221,
          0.84201527,
          -0.27034682,
          0,
          0.15885212,
          0.16224535,
          -0.33450538,
          1
        ]
      },
      {
        "date" : 775110287.738915,
        "title" : "Untitled",
        "transform" : [
          0.7967294,
          5.1376272e-08,
          -0.6043362,
          0,
          -0.47606364,
          0.6160002,
          -0.62762034,
          0,
          0.37227106,
          0.78774613,
          0.4907853,
          0,
          0.09036881,
          0.14575581,
          -0.11123271,
          1
        ]
      },
      {
        "date" : 775110105.155259,
        "title" : "Untitled",
        "transform" : [
          0.24597774,
          6.7578156e-08,
          -0.9692755,
          0,
          -0.5635686,
          0.81359434,
          -0.1430193,
          0,
          0.788597,
          0.581433,
          0.20012608,
          0,
          0.16945001,
          0.10909254,
          -0.16449311,
          1
        ]
      },
      {
        "date" : 771923462.111899,
        "title" : "Untitled",
        "transform" : [
          0.549376,
          2.1275648e-08,
          -0.8355752,
          0,
          -0.35722065,
          0.9040085,
          -0.23486613,
          0,
          0.7553671,
          0.4275147,
          0.4966406,
          0,
          0.305172,
          0.20612556,
          0.066188134,
          1
        ]
      },
      {
        "date" : 771122879.949632,
        "title" : "Untitled",
        "transform" : [
          -0.19852479,
          2.126697e-08,
          -0.9800958,
          0,
          -0.41557872,
          0.9056535,
          0.08417832,
          0,
          0.8876273,
          0.42401865,
          -0.1797947,
          0,
          0.3307832,
          0.25682536,
          -0.21061352,
          1
        ]
      },
      {
        "date" : 770892341.801303,
        "title" : "Untitled",
        "transform" : [
          0.30364338,
          2.1688733e-08,
          -0.9527857,
          0,
          -0.0066473805,
          0.9999756,
          -0.0021183044,
          0,
          0.9527625,
          0.006976854,
          0.30363598,
          0,
          0.3188369,
          0.10656626,
          -0.038360633,
          1
        ]
      },
      {
        "date" : 770892275.542124,
        "title" : "Untitled",
        "transform" : [
          0.7356078,
          2.1718765e-08,
          -0.6774078,
          0,
          -0.52099144,
          0.6391338,
          -0.5657526,
          0,
          0.43295413,
          0.76909566,
          0.4701517,
          0,
          0.10994521,
          0.29408348,
          -0.04902391,
          1
        ]
      },
      {
        "date" : 770892252.600972,
        "title" : "Untitled",
        "transform" : [
          0.51130563,
          6.860885e-09,
          -0.85939896,
          0,
          -0.051299196,
          0.9982168,
          -0.030520761,
          0,
          0.8578665,
          0.059692033,
          0.5103939,
          0,
          0.61217624,
          0.08727583,
          0.25322413,
          1
        ]
      },
      {
        "date" : 770892251.095534,
        "title" : "Untitled",
        "transform" : [
          0.77510697,
          1.2656319e-08,
          -0.6318302,
          0,
          -0.25958657,
          0.9117037,
          -0.31845152,
          0,
          0.5760419,
          0.4108487,
          0.7066678,
          0,
          0.419802,
          0.31525737,
          0.3725378,
          1
        ]
      }
    ],
    "79581B3D-9957-4BD4-93A2-287082F6913E" : [
      {
        "date" : 773313249.883131,
        "title" : "Untitled",
        "transform" : [
          -0.12749983,
          1.1055195e-08,
          -0.9918386,
          0,
          -0.78186834,
          0.6152884,
          0.100508496,
          0,
          0.6102668,
          0.78830206,
          -0.07844918,
          0,
          1.4777136,
          2.1033115,
          0.45807838,
          1
        ]
      },
      {
        "date" : 773313142.635454,
        "title" : "Untitled",
        "transform" : [
          -0.15427738,
          1.188621e-08,
          -0.9880276,
          0,
          -0.6496611,
          0.75342536,
          0.10144265,
          0,
          0.7444051,
          0.6575334,
          -0.116236515,
          0,
          1.7846395,
          1.8137577,
          0.37299752,
          1
        ]
      },
      {
        "date" : 773313140.801424,
        "title" : "Untitled",
        "transform" : [
          -0.15427738,
          1.188621e-08,
          -0.9880276,
          0,
          -0.6496611,
          0.75342536,
          0.10144265,
          0,
          0.7444051,
          0.6575334,
          -0.116236515,
          0,
          1.9768301,
          1.847235,
          1.7932067,
          1
        ]
      },
      {
        "date" : 773313135.351296,
        "title" : "Untitled",
        "transform" : [
          -0.15427738,
          1.188621e-08,
          -0.9880276,
          0,
          -0.6496611,
          0.75342536,
          0.10144265,
          0,
          0.7444051,
          0.6575334,
          -0.116236515,
          0,
          1.3266845,
          1.0820239,
          -0.07169917,
          1
        ]
      },
      {
        "date" : 773313007.803684,
        "title" : "Untitled",
        "transform" : [
          -0.25151175,
          1.3534657e-08,
          -0.96785426,
          0,
          -0.5068685,
          0.85190076,
          0.13171767,
          0,
          0.82451564,
          0.52370334,
          -0.21426304,
          0,
          0.8718553,
          0.48917156,
          -0.08055776,
          1
        ]
      },
      {
        "date" : 773312798.916388,
        "title" : "Untitled",
        "transform" : [
          -0.14118548,
          1.2881906e-08,
          -0.9899832,
          0,
          -0.4549371,
          0.88815683,
          0.06488056,
          0,
          0.87926036,
          0.4595404,
          -0.12539487,
          0,
          0.913911,
          0.42145157,
          0.01639092,
          1
        ]
      },
      {
        "date" : 773312648.304258,
        "title" : "Untitled",
        "transform" : [
          0.04800662,
          1.1305916e-08,
          -0.998847,
          0,
          -0.71735686,
          0.69585234,
          -0.034477506,
          0,
          0.69505,
          0.7181849,
          0.03340557,
          0,
          0.8101523,
          0.70510894,
          0.18594468,
          1
        ]
      },
      {
        "date" : 773312582.315167,
        "title" : "Untitled",
        "transform" : [
          0.048006613,
          1.1305914e-08,
          -0.9988469,
          0,
          -0.7173568,
          0.6958523,
          -0.034477502,
          0,
          0.69505,
          0.7181849,
          0.03340557,
          0,
          0.8101523,
          0.70510894,
          0.18594468,
          1
        ]
      },
      {
        "date" : 773312465.845707,
        "title" : "Untitled",
        "transform" : [
          0.841009,
          1.1034195e-08,
          -0.54102105,
          0,
          -0.32127926,
          0.8045842,
          -0.4994235,
          0,
          0.43529695,
          0.5938386,
          0.6766626,
          0,
          0.35791978,
          0.56356394,
          0.8277892,
          1
        ]
      },
      {
        "date" : 773312457.236164,
        "title" : "Untitled",
        "transform" : [
          0.66801727,
          -4.8120534e-09,
          -0.7441457,
          0,
          -0.25581044,
          0.9390561,
          -0.2296401,
          0,
          0.6987946,
          0.3437638,
          0.62730575,
          0,
          0.61301714,
          0.29889148,
          0.7476274,
          1
        ]
      }
    ],
    "7D9B9220-DB98-4BC3-AACA-73EB182E3BE8" : [
      {
        "date" : 771923472.155535,
        "title" : "Untitled",
        "transform" : [
          0.95166916,
          -1.5363021e-08,
          -0.30712542,
          0,
          -0.082742505,
          0.96302575,
          -0.25638878,
          0,
          0.29576978,
          0.26940975,
          0.9164817,
          0,
          2.4530067,
          2.813851,
          -2.3767834,
          1
        ]
      },
      {
        "date" : 771923468.331467,
        "title" : "Untitled",
        "transform" : [
          0.9778554,
          -1.4336697e-08,
          -0.20928219,
          0,
          -0.067809165,
          0.9460543,
          -0.31683335,
          0,
          0.19799243,
          0.32400855,
          0.925104,
          0,
          1.4317698,
          3.3841093,
          -2.286726,
          1
        ]
      },
      {
        "date" : 771056488.87653,
        "title" : "Untitled",
        "transform" : [
          0.9638631,
          -1.2708783e-08,
          -0.26639834,
          0,
          -0.1308964,
          0.87095886,
          -0.47359994,
          0,
          0.23202208,
          0.49135616,
          0.8394849,
          0,
          6.6979375,
          9.127762,
          12.630312,
          1
        ]
      },
      {
        "date" : 771056484.689719,
        "title" : "Untitled",
        "transform" : [
          0.961354,
          -2.5824574e-08,
          -0.27531525,
          0,
          -0.12026519,
          0.89954543,
          -0.41994572,
          0,
          0.24765864,
          0.4368274,
          0.8647815,
          0,
          7.484907,
          7.8326015,
          21.54694,
          1
        ]
      },
      {
        "date" : 771056449.823577,
        "title" : "Untitled",
        "transform" : [
          0.961354,
          -2.5824574e-08,
          -0.27531525,
          0,
          -0.12026519,
          0.89954543,
          -0.41994572,
          0,
          0.24765864,
          0.4368274,
          0.8647815,
          0,
          7.484907,
          7.8326015,
          21.54694,
          1
        ]
      },
      {
        "date" : 771056442.06077,
        "title" : "Untitled",
        "transform" : [
          0.961354,
          -2.5824574e-08,
          -0.27531525,
          0,
          -0.12026519,
          0.89954543,
          -0.41994572,
          0,
          0.24765864,
          0.4368274,
          0.8647815,
          0,
          4.142226,
          2.866605,
          11.568622,
          1
        ]
      },
      {
        "date" : 771056440.823754,
        "title" : "Untitled",
        "transform" : [
          0.9363516,
          -2.5309284e-08,
          -0.3510637,
          0,
          -0.18665273,
          0.8469467,
          -0.49783733,
          0,
          0.29733232,
          0.53167784,
          0.7930398,
          0,
          4.263317,
          3.2454782,
          11.04778,
          1
        ]
      },
      {
        "date" : 771056406.911357,
        "title" : "Untitled",
        "transform" : [
          0.97199565,
          -2.7209705e-08,
          -0.23499893,
          0,
          -0.032859508,
          0.9901758,
          -0.13591261,
          0,
          0.23269027,
          0.13982849,
          0.96244645,
          0,
          3.7124956,
          0.25615677,
          12.662737,
          1
        ]
      },
      {
        "date" : 771056399.790784,
        "title" : "Untitled",
        "transform" : [
          0.98446405,
          -3.205121e-08,
          -0.1755863,
          0,
          0.009939514,
          0.9983965,
          0.055727985,
          0,
          0.17530476,
          -0.056607366,
          0.98288554,
          0,
          2.206921,
          2.7747328,
          13.162256,
          1
        ]
      },
      {
        "date" : 771056161.895787,
        "title" : "Untitled",
        "transform" : [
          0.98446405,
          -3.205121e-08,
          -0.1755863,
          0,
          0.009939514,
          0.9983965,
          0.055727985,
          0,
          0.17530476,
          -0.056607366,
          0.98288554,
          0,
          1.7167939,
          2.4706774,
          8.937388,
          1
        ]
      }
    ],
    "9C6AA81C-9651-425E-8022-9DBA49F8A17A" : [
      {
        "date" : 770884871.874503,
        "title" : "Untitled",
        "transform" : [
          0.6977556,
          -1.280591e-07,
          -0.7163359,
          0,
          -0.3869256,
          0.8415715,
          -0.37688965,
          0,
          0.60284823,
          0.5401456,
          0.5872111,
          0,
          0.31473148,
          1.5154374,
          -0.38982308,
          1
        ]
      },
      {
        "date" : 770721969.318681,
        "title" : "Untitled",
        "transform" : [
          0.5815521,
          -1.2794268e-07,
          -0.8135091,
          0,
          -0.46290997,
          0.82231766,
          -0.33091986,
          0,
          0.6689632,
          0.5690286,
          0.47822037,
          0,
          0.67493045,
          1.5747102,
          -0.38656,
          1
        ]
      },
      {
        "date" : 770719534.413891,
        "title" : "Untitled",
        "transform" : [
          0.5815521,
          -1.2794268e-07,
          -0.8135091,
          0,
          -0.46290997,
          0.82231766,
          -0.33091986,
          0,
          0.6689632,
          0.5690286,
          0.47822037,
          0,
          1.3132787,
          2.1176982,
          0.06977439,
          1
        ]
      },
      {
        "date" : 770719524.397004,
        "title" : "Untitled",
        "transform" : [
          0.48793364,
          -1.2927674e-07,
          -0.8728807,
          0,
          -0.48258993,
          0.83326715,
          -0.2697642,
          0,
          0.72734296,
          0.5528705,
          0.40657887,
          0,
          0.39663395,
          1.2895943,
          -0.6562378,
          1
        ]
      },
      {
        "date" : 770719445.196951,
        "title" : "Untitled",
        "transform" : [
          -0.17074071,
          -1.4055574e-07,
          -0.985316,
          0,
          -0.29320416,
          0.9546988,
          0.050807837,
          0,
          0.94067997,
          0.29757378,
          -0.16300611,
          0,
          0.5842112,
          1.1341852,
          -0.9931151,
          1
        ]
      },
      {
        "date" : 770718976.584429,
        "title" : "Untitled",
        "transform" : [
          -0.7154192,
          -1.4038487e-07,
          -0.6986954,
          0,
          -0.017353669,
          0.9996915,
          0.017768865,
          0,
          0.6984799,
          0.024837187,
          -0.7151986,
          0,
          0.48791882,
          0.9717896,
          -1.3471241,
          1
        ]
      },
      {
        "date" : 770718974.729408,
        "title" : "Untitled",
        "transform" : [
          -0.7239243,
          -1.4149592e-07,
          -0.6898794,
          0,
          -0.1451119,
          0.97762746,
          0.15227285,
          0,
          0.67444503,
          0.2103438,
          -0.7077283,
          0,
          0.48015642,
          1.0818801,
          -1.3494298,
          1
        ]
      },
      {
        "date" : 770718970.8959,
        "title" : "Untitled",
        "transform" : [
          -0.56621903,
          -1.2970091e-07,
          -0.8242548,
          0,
          0.06277081,
          0.99709594,
          -0.043120384,
          0,
          0.8218612,
          -0.07615468,
          -0.5645748,
          0,
          0.5411849,
          0.91248083,
          -1.2425182,
          1
        ]
      },
      {
        "date" : 770718962.562107,
        "title" : "Untitled",
        "transform" : [
          0.274805,
          -1.3205262e-07,
          -0.9615,
          0,
          -0.32087773,
          0.94267,
          -0.09170978,
          0,
          0.90637726,
          0.33372632,
          0.2590504,
          0,
          0.49221474,
          1.2309858,
          -0.74852276,
          1
        ]
      },
      {
        "date" : 770718954.029078,
        "title" : "Untitled",
        "transform" : [
          0.274805,
          -1.3205262e-07,
          -0.9615,
          0,
          -0.32087773,
          0.94267,
          -0.09170978,
          0,
          0.90637726,
          0.33372632,
          0.2590504,
          0,
          0.6837946,
          1.3434969,
          -0.50644565,
          1
        ]
      }
    ],
    "AF09ED6F-1707-48FD-8720-65B998362C09" : [
      {
        "date" : 768792663.240782,
        "title" : "Untitled",
        "transform" : [
          1,
          0,
          0,
          0,
          0,
          0.7071069,
          -0.70710677,
          0,
          0,
          0.70710677,
          0.7071069,
          0,
          0.06973137,
          2.4792767,
          1.0097218,
          1
        ]
      },
      {
        "date" : 768792585.307518,
        "title" : "Untitled",
        "transform" : [
          1,
          0,
          0,
          0,
          0,
          0.7071069,
          -0.70710677,
          0,
          0,
          0.70710677,
          0.7071069,
          0,
          -0.08267687,
          2.0360656,
          1.6215155,
          1
        ]
      }
    ],
    "B3B37EAE-9AF1-4648-B330-E500756509B9" : [
      {
        "date" : 770718984.486601,
        "title" : "Untitled",
        "transform" : [
          0.71052366,
          -5.0916147e-09,
          -0.70367324,
          0,
          -0.46265188,
          0.75347096,
          -0.46715605,
          0,
          0.53019726,
          0.65748113,
          0.535359,
          0,
          0.38650507,
          0.47929296,
          0.39026785,
          1
        ]
      },
      {
        "date" : 770713330.406942,
        "title" : "Untitled",
        "transform" : [
          0.7105236,
          -5.0916142e-09,
          -0.7036732,
          0,
          -0.46265188,
          0.75347096,
          -0.46715605,
          0,
          0.53019726,
          0.65748113,
          0.535359,
          0,
          0.36811173,
          0.45648396,
          0.37169546,
          1
        ]
      },
      {
        "date" : 770713319.606483,
        "title" : "Untitled",
        "transform" : [
          0.930828,
          -4.8859956e-09,
          -0.36545745,
          0,
          -0.13795541,
          0.92601484,
          -0.35137564,
          0,
          0.338419,
          0.3774871,
          0.8619606,
          0,
          0.23496161,
          0.2620863,
          0.5984523,
          1
        ]
      }
    ],
    "B988857B-C329-4A85-AD23-B3AE8CAA1F24" : [
      {
        "date" : 772014423.820483,
        "title" : "Untitled",
        "transform" : [
          -0.99945724,
          4.496254e-09,
          -0.032944158,
          0,
          -0.015797509,
          0.8775286,
          0.4792642,
          0,
          0.028909428,
          0.47952443,
          -0.87705225,
          0,
          0.0051619816,
          0.27010322,
          -0.46765968,
          1
        ]
      },
      {
        "date" : 772014420.656394,
        "title" : "Untitled",
        "transform" : [
          -0.99622697,
          4.5340443e-09,
          -0.08678629,
          0,
          -0.075173795,
          0.49970692,
          0.86292636,
          0,
          0.0433677,
          0.86619455,
          -0.49782148,
          0,
          0.01223956,
          0.47400063,
          -0.258576,
          1
        ]
      },
      {
        "date" : 772014417.468216,
        "title" : "Untitled",
        "transform" : [
          -0.9846194,
          -9.0171737e-10,
          0.17471318,
          0,
          0.076190166,
          0.89990443,
          0.42937976,
          0,
          -0.15722519,
          0.43608704,
          -0.88606334,
          0,
          -0.09398915,
          0.24694096,
          -0.47103518,
          1
        ]
      },
      {
        "date" : 770717100.08514,
        "title" : "Untitled",
        "transform" : [
          -0.9846194,
          -9.0171737e-10,
          0.17471318,
          0,
          0.07619017,
          0.89990455,
          0.42937982,
          0,
          -0.15722519,
          0.43608704,
          -0.88606334,
          0,
          -0.09398915,
          0.24694096,
          -0.47103518,
          1
        ]
      },
      {
        "date" : 770717026.993602,
        "title" : "Untitled",
        "transform" : [
          -0.39962852,
          -6.685339e-09,
          -0.91667724,
          0,
          -0.0628241,
          0.99764884,
          0.027388377,
          0,
          0.9145218,
          0.06853455,
          -0.39868888,
          0,
          0.4887885,
          0.049776297,
          -0.22426791,
          1
        ]
      },
      {
        "date" : 770717014.695388,
        "title" : "Untitled",
        "transform" : [
          -0.39962846,
          -6.685338e-09,
          -0.9166771,
          0,
          -0.0628241,
          0.99764884,
          0.027388377,
          0,
          0.9145218,
          0.06853455,
          -0.39868888,
          0,
          0.57160765,
          0.04283645,
          -0.24919426,
          1
        ]
      },
      {
        "date" : 770713304.772379,
        "title" : "Untitled",
        "transform" : [
          0.32072327,
          -1.1146619e-08,
          -0.9471729,
          0,
          -0.18801594,
          0.9801005,
          -0.06366427,
          0,
          0.92832476,
          0.19850221,
          0.31434104,
          0,
          0.5802349,
          0.1240707,
          0.19647397,
          1
        ]
      },
      {
        "date" : 770713299.875084,
        "title" : "Untitled",
        "transform" : [
          1,
          0,
          0,
          0,
          0,
          0.7071069,
          -0.70710677,
          0,
          0,
          0.70710677,
          0.7071069,
          0,
          0,
          0.89630663,
          0.8963068,
          1
        ]
      }
    ],
    "BE0CB09E-FFAF-4589-B22B-F81D80495366" : [
      {
        "date" : 773307112.654549,
        "title" : "Untitled",
        "transform" : [
          0.918791,
          1.2904695e-07,
          -0.39474428,
          0,
          -0.08323616,
          0.97751606,
          -0.19373727,
          0,
          0.3858686,
          0.21086131,
          0.89813304,
          0,
          1.3041285,
          1.8358103,
          2.0803108,
          1
        ]
      },
      {
        "date" : 773306714.822625,
        "title" : "Untitled",
        "transform" : [
          0.99703383,
          1.2736525e-07,
          0.07696384,
          0,
          0.019556297,
          0.96717894,
          -0.25334254,
          0,
          -0.07443809,
          0.25409642,
          0.96431005,
          0,
          -0.012892488,
          1.6576381,
          1.1311855,
          1
        ]
      },
      {
        "date" : 773306711.806092,
        "title" : "Untitled",
        "transform" : [
          0.99703383,
          1.2736525e-07,
          0.07696384,
          0,
          0.019556297,
          0.96717894,
          -0.25334254,
          0,
          -0.07443809,
          0.25409642,
          0.96431005,
          0,
          0.016542466,
          1.6576381,
          1.1334575,
          1
        ]
      },
      {
        "date" : 773306704.500943,
        "title" : "Untitled",
        "transform" : [
          0.99703383,
          1.2736525e-07,
          0.07696384,
          0,
          0.019556297,
          0.96717894,
          -0.25334254,
          0,
          -0.07443809,
          0.25409642,
          0.96431005,
          0,
          0.038306624,
          1.6576381,
          1.1351376,
          1
        ]
      },
      {
        "date" : 773306651.385099,
        "title" : "Untitled",
        "transform" : [
          0.7572644,
          1.3308552e-07,
          -0.65310836,
          0,
          -0.17962019,
          0.9614374,
          -0.20826566,
          0,
          0.6279227,
          0.27502388,
          0.72806257,
          0,
          4.624404,
          3.4843428,
          3.533283,
          1
        ]
      },
      {
        "date" : 773064538.481962,
        "title" : "Untitled",
        "transform" : [
          0.96556485,
          1.3507372e-07,
          0.26016226,
          0,
          0.083261356,
          0.9474054,
          -0.30901545,
          0,
